2 1 10 11
0 0 0 0 0 0 0 0 0 0 0 0 0 0 0 0 
0 0 0 0 0 0 0 0 0 0 0 0 0 0 0 0 
0 0 0 0 0 0 0 0 0 0 0 0 0 0 0 0 
0 0 0 0 0 4 4 4 4 4 0 0 0 0 0 0 
0 0 0 0 0 4 3 3 3 4 0 0 0 0 0 0 
0 0 0 0 0 4 3 6 3 4 0 0 0 0 0 0 
0 0 0 0 0 4 3 6 3 4 0 0 0 0 0 0 
0 0 0 0 0 4 3 6 3 4 0 0 0 0 0 0 
0 0 0 0 0 4 3 6 3 4 0 0 0 0 0 0 
0 0 0 0 0 4 3 3 3 4 0 0 0 0 0 0 
0 0 0 0 0 4 4 4 4 4 0 0 0 0 0 0 
0 0 0 0 0 0 0 0 0 0 0 0 0 0 0 0 
0 0 0 0 0 0 0 0 0 0 0 0 0 0 0 0 
0 0 0 0 0 0 0 0 0 0 0 0 0 0 0 0 
0 0 0 0 0 0 0 0 0 0 0 0 0 0 0 0 
0 0 0 0 0 0 0 0 0 0 0 0 0 0 0 0 